human_action,ee_pos_y,ee_vel_y,cmd_acc_human,time
====================
0,0.162718,-7.10294e-06,0.1,1.0682
0,0.220167,0.106247,-0.1,2.17211
0,0.254131,0.078934,0,2.52403
0,0.282544,0.0751091,-0.1,2.90013
0,0.31311,0.00671615,-0.1,3.61204
0,0.264477,-0.0991211,0.1,4.67613
0,0.212041,-0.0264097,0.1,5.47609
0,0.223404,0.0546106,-0.1,6.27614
====================
0,0.16295,1.68081e-05,0.1,0.910159
0,0.202065,0.0878103,-0.1,1.81403
====================
0,0.16297,5.71364e-06,0.1,0.790942
0,0.184723,0.0661838,-0.1,1.47103
0,0.206712,0.0238909,0.1,1.94296
0,0.218232,0.0520459,-0.1,2.27112
0,0.233733,0.000393906,-0.1,2.82282
0,0.225953,-0.03971,0.1,3.22298
0,0.226897,0.0458063,-0.1,4.11902
====================
0,0.162944,-6.70968e-06,0.1,0.911276
0,0.200648,0.0869084,-0.1,1.79155
====================
0,0.162964,9.87632e-06,0.1,1.01591
0,0.194643,0.0803708,-0.1,1.83196
0,0.223104,0.0378825,0.1,2.30402
0,0.237001,0.061574,-0.1,2.60008
0,0.258816,-0.00529178,-0.1,3.28799
0,0.247518,-0.0466057,0.1,3.73604
0,0.237752,-0.0279848,-0.1,3.99184
0,0.225877,-0.0538814,0.1,4.29595
0,0.21014,0.0156417,0.1,5.03183
0,0.226701,0.0590797,-0.1,5.47191
0,0.243882,0.0252514,-0.1,5.85596
====================
0,0.162972,-0.000593382,0.1,0.0570488
0,0.197266,0.0831526,-0.1,0.904864
0,0.219605,0.0563106,-0.1,1.21689
0,0.229229,-0.0340828,0.1,2.11296
0,0.231455,0.0440138,-0.1,2.92894
====================
0,0.162953,7.21176e-07,0.1,2.03353
0,0.202038,0.0875751,-0.1,2.9376
0,0.234295,0.0455857,-0.1,3.40163
====================
