human_action,ee_pos_y,ee_vel_y,cmd_acc_human,time
====================
0,0.161561,-3.74553e-06,0.1,1.52577
0,0.163621,0.0202571,0.1,1.75294
0,0.227733,0.114275,-0.1,2.69702
0,0.289643,0.0459657,-0.1,3.44099
0,0.281961,-0.0602244,0.1,4.50501
0,0.283714,0.0682137,-0.1,5.84891
0,0.301871,0.0429592,-0.1,6.16112
0,0.306694,-0.0287586,-0.1,6.88106
0,0.269013,-0.0926803,-0.1,7.50492
0,0.236609,-0.121965,0.1,7.80908
0,0.185329,-0.0771099,0.1,8.31294
0,0.158827,-0.0252566,0.1,8.83296
0,0.191054,0.0844994,-0.1,9.93266
====================
0,0.162941,9.59118e-06,0.1,1.08276
0,0.190412,0.0743486,-0.1,1.85069
0,0.22186,-0.00370343,0.1,2.71467
0,0.233269,0.0487434,-0.1,3.33065
====================
0,0.162964,5.71049e-06,0.1,0.787587
0,0.180777,0.0594529,-0.1,1.41163
0,0.201965,0.000360152,0.1,2.05964
0,0.217891,0.055871,0.1,2.67558
0,0.237702,0.0841136,-0.1,2.95578
0,0.262716,0.0561949,-0.1,3.2995
0,0.276198,0.0199752,-0.1,3.65956
0,0.259302,-0.0602865,0.1,4.46751
====================
0,0.16293,-1.20379e-05,0.1,1.02027
0,0.181259,0.0602248,-0.1,1.65228
0,0.202641,0.00852085,0.1,2.22827
0,0.213633,0.0466683,-0.1,2.66821
0,0.225243,0.0204447,-0.1,2.98825
0,0.226365,-0.0142322,0.1,3.33218
0,0.231452,0.0373063,-0.1,3.90035
====================
0,0.162937,8.3097e-06,0.1,0.925363
0,0.179851,0.0582267,-0.1,1.53316
0,0.198793,0.0160087,0.1,2.01325
0,0.207559,0.0424705,-0.1,2.3413
0,0.219011,-0.00539712,0.1,2.87723
0,0.219265,0.0129628,-0.1,3.10922
0,0.218779,-0.0204365,0.1,3.4932
0,0.216009,0.0104192,0.1,3.86108
0,0.22801,0.0506854,0.1,4.25331
0,0.232377,0.0582029,-0.1,4.33307
====================
0,0.162948,-4.00433e-06,0.1,0.974339
0,0.170218,0.0374532,-0.1,1.38195
0,0.178306,0.0161751,0.1,1.65414
0,0.192014,0.053128,-0.1,2.07801
0,0.200614,0.0442777,0.1,2.24616
0,0.225272,0.0779319,-0.1,2.67008
0,0.23298,0.0775842,0.1,2.76595
0,0.251227,0.091382,-0.1,2.99032
0,0.275981,0.0690292,-0.1,3.28613
0,0.29727,0.0231632,-0.1,3.75004
0,0.299274,-0.0123923,-0.1,4.08603
0,0.284329,-0.05471,0.1,4.53394
0,0.264935,-0.00478876,-0.1,5.11015
0,0.253498,-0.0479467,-0.1,5.60604
0,0.242469,-0.0662095,0.1,5.79809
0,0.218885,-0.0270592,0.1,6.27011
0,0.216212,0.0133508,0.1,6.66999
0,0.229976,0.0536692,-0.1,7.07796
====================
0,0.162911,-2.91629e-06,0.1,0.863288
0,0.178027,0.0551243,-0.1,1.44717
0,0.178914,0.0568156,0.1,1.46316
0,0.222171,0.106424,-0.1,1.99917
0,0.248103,0.0892604,-0.1,2.25512
0,0.284885,0.0214191,-0.1,2.92722
0,0.283956,-0.0242472,-0.1,3.39105
0,0.272514,-0.0534526,0.1,3.67933
====================
