human_action,ee_pos_y,ee_vel_y,cmd_acc_human,time
====================
0,0.162911,0,0,0.469363
0,0.162911,0,0.1,1.93098
0,0.221928,0.10867,-0.1,3.04614
0,0.206541,-0.125541,0.1,5.45406
====================
0,0.162927,-5.86078e-06,0.1,1.71185
0,0.201569,0.0883155,-0.1,2.61588
====================
0,0.162961,-3.8898e-06,0.1,1.26484
0,0.232031,0.118777,-0.1,2.46487
0,0.271615,-0.083428,-0.1,4.53688
0,0.25599,-0.100665,0.1,4.70476
0,0.217629,0.0603064,-0.1,6.37688
====================
0,0.162944,3.31105e-06,0.1,1.05771
0,0.220303,0.107282,-0.1,2.1536
0,0.280765,-0.0224134,-0.1,3.50558
0,0.251642,-0.0796513,0.1,4.0736
0,0.215655,0.00324273,-0.1,4.96159
0,0.206439,-0.0429914,-0.1,5.48962
0,0.190319,-0.0701294,0.1,5.76957
0,0.176108,-0.0556246,0.1,5.98544
0,0.222488,0.110505,-0.1,7.64957
0,0.288103,0.0203398,-0.1,8.60974
0,0.265007,-0.0705954,0.1,9.52169
====================
0,0.162976,-8.11155e-07,0.1,0.754388
0,0.21699,0.104689,-0.1,1.81867
0,0.261372,-0.0543205,0.1,3.45858
====================
0,0.162963,-5.4618e-06,0.1,1.66727
0,0.224689,0.111714,-0.1,2.80332
0,0.285163,0.0390386,-0.1,3.58733
0,0.257978,-0.082435,0.1,4.79533
0,0.21978,0.0120548,-0.1,5.79531
0,0.212702,-0.0407682,-0.1,6.37938
0,0.17398,-0.0958908,0.1,6.93936
0,0.219366,0.120508,-0.1,8.4433
====================
0,0.16295,-0.000302192,0.1,0.916266
0,0.210416,0.0972907,-0.1,1.91631
0,0.252235,-0.0472997,0.1,3.41233
0,0.248069,-0.0424554,0,3.5004
0,0.193247,-0.0396553,0.1,4.84421
0,0.223156,0.0887946,-0.1,6.16431
0,0.25262,-0.0542847,0.1,7.64426
====================
