human_action,ee_pos_y,ee_vel_y,cmd_acc_human,time
====================
0,0.162941,-1.14467e-05,0.1,1.11046
0,0.214419,0.102147,0,2.14995
0,0.314417,0.103351,-0.1,3.10999
0,0.211166,-0.154534,0.1,4.8459
0,0.146658,0.0118308,0,5.43785
====================
0,0.162918,-2.53955e-05,0.1,1.35939
0,0.186458,0.0679421,0,2.07948
0,0.209561,0.0724367,0,2.39939
0,0.23153,0.072646,0,2.6954
0,0.267963,0.0718577,0,3.19941
0,0.280651,0.0700757,0,3.38337
0,0.294449,0.0715891,0.1,3.57544
0,0.317568,0.0972293,0.1,3.85543
0,0.333532,-0.000633158,0,4.1115
0,0.333362,-1.23302e-05,0,4.37548
0,0.333357,9.19653e-07,0.1,5.09551
0,0.333358,-2.40328e-07,0.1,5.95944
0,0.333356,4.78218e-06,-0.1,6.39143
0,0.298299,-0.0833648,0,7.25542
0,0.276933,-0.085562,0,7.50338
0,0.248678,-0.0861058,0,7.83137
0,0.207965,-0.084889,-0.1,8.30344
====================
0,0.159143,0,0.1,6.89673
0,0.163673,0.0308096,0,7.23259
0,0.215629,0.0343252,0.1,8.77678
0,0.231491,0.0642332,0,9.11268
0,0.250262,0.0675263,-0.1,9.39273
0,0.272857,0.0219506,-0.1,9.88077
====================
0,0.16296,-1.39929e-06,0.1,3.33738
0,0.185396,0.0676969,0,4.0414
0,0.201751,0.0703415,0,4.27351
0,0.213611,0.0718894,-0.1,4.44133
0,0.227661,0.050997,-0.1,4.66534
====================
0,0.162935,-2.91209e-05,0.1,0.964273
0,0.174712,0.0482174,0,1.48482
0,0.195598,0.0509424,0,1.88484
0,0.211876,0.0526792,0,2.19684
0,0.230637,0.0520506,0,2.55676
0,0.273128,0.0514163,0.1,3.37274
0,0.312726,0.101705,-0.1,3.90081
0,0.33156,0.0889451,-0.1,4.09274
0,0.31632,-0.0577563,-0.1,4.67672
0,0.279782,-0.101401,0,5.1327
0,0.260293,-0.106509,0,5.31669
0,0.16648,-0.105024,0.1,6.20471
0,0.15241,0.0354895,0.1,6.75668
0,0.185721,0.0890311,-0.1,7.29282
0,0.207991,0.0691049,-0.1,7.56473
0,0.218463,0.0512774,0.1,7.7407
0,0.23834,0.0773991,0,8.0687
0,0.332248,-6.34301e-06,-0.1,9.66868
====================
0,0.162939,6.7535e-07,0.1,2.07807
0,0.174747,0.0482287,0,2.59796
0,0.251901,0.0526699,-0.1,4.07792
0,0.257667,-0.0432724,0.1,5.06996
0,0.247914,-0.0246281,0,5.33401
====================
0,0.162921,-3.19243e-06,0.1,1.39894
0,0.176322,0.0517888,0,1.95092
0,0.217521,0.0545416,-0.1,2.69488
0,0.226918,0.0392406,-0.1,2.88696
0,0.230403,-0.0289493,0.1,3.57495
0,0.22541,0.0172303,0.1,4.11092
0,0.234571,0.046402,0,4.39899
0,0.244482,0.0496897,-0.1,4.59877
0,0.257063,0.017856,-0.1,4.95891
0,0.25718,-0.0165162,-0.1,5.29489
0,0.250627,-0.0395121,0,5.52679
0,0.238978,-0.0427547,0.1,5.79889
0,0.246565,0.0605587,-0.1,6.87087
0,0.230071,-0.0881276,0.1,8.43097
====================
