human_action,ee_pos_y,ee_vel_y,cmd_acc_human,time
====================
0,0.161915,4.87621e-07,0.1,1.74902
0,0.216793,0.10501,0,2.8196
0,0.265777,0.106952,0,3.2756
0,0.316317,0.107672,0,3.74758
0,0.332581,8.23796e-06,-0.1,6.05153
0,0.228318,-0.143769,0.1,7.52373
0,0.222011,0.122744,-0.1,9.45977
====================
0,0.162952,0,0.1,3.0931
0,0.20813,0.0959497,-0.1,4.069
0,0.190783,-0.116285,0.1,6.23711
0,0.218459,0.118631,-0.1,7.86107
0,0.294725,0.0152457,-0.1,8.95707
0,0.267776,-0.0750167,0.1,9.85307
====================
0,0.162952,9.93545e-06,0.1,1.14206
0,0.20371,0.0903784,-0.1,2.07013
====================
0,0.162972,-3.0891e-06,0.1,1.50284
0,0.204394,0.0906993,-0.1,2.43893
====================
0,0.16293,-1.39696e-05,0.1,1.12727
0,0.19355,0.0772772,-0.1,1.9353
0,0.225199,-0.0246655,0.1,3.02335
0,0.235691,0.054943,-0.1,3.87924
====================
0,0.162932,-5.21954e-06,0.1,1.27243
0,0.204427,0.0906745,-0.1,2.20839
====================
0,0.162939,-2.25879e-05,0.1,1.12072
0,0.212045,0.0988798,-0.1,2.13681
0,0.250947,-0.0546494,0.1,3.73676
0,0.239639,0.0376129,-0.1,4.72878
====================
