human_action,ee_pos_y,ee_vel_y,cmd_acc_human,time
====================
0,0.162628,-9.49093e-06,0.1,2.24083
0,0.178585,0.0565074,0.1,2.83357
0,0.180956,0.060106,0.1,2.87352
0,0.183484,0.0649211,0.1,2.91367
0,0.251807,0.133017,-0.1,3.60082
0,0.317602,0.0781753,-0.1,4.20881
0,0.319665,-0.0485653,-0.1,4.89673
0,0.205557,-0.157209,0,6.00086
0,0.160718,-0.159448,0.1,6.28077
0,0.197724,0.102996,-0.1,7.39286
====================
0,0.162931,1.2343e-06,0.1,1.11429
0,0.207359,0.0939757,-0.1,2.08232
0,0.235139,0.0655215,-0.1,2.4183
0,0.252672,0.0288543,-0.1,2.7862
====================
0,0.162932,-5.64411e-06,0.1,1.89082
0,0.165729,0.0238821,0,2.15487
0,0.267435,0.0258511,-0.1,6.00263
0,0.253835,-0.0587713,0.1,6.89073
0,0.240486,-0.0420932,0,7.14673
0,0.216079,-0.0372201,0.1,7.81069
0,0.214956,0.0371779,-0.1,8.57072
0,0.223515,0.00476394,-0.1,8.93084
0,0.217053,-0.0361906,0.1,9.35478
====================
0,0.162931,4.95962e-06,0.1,3.47612
0,0.169629,0.0365907,0,3.86822
0,0.212004,0.0386862,0,4.94807
0,0.252804,0.0392233,-0.1,5.98811
0,0.252035,-0.0439662,0,6.84412
0,0.183914,-0.046867,0.1,8.31611
0,0.177611,-0.0335758,0,8.46803
0,0.153881,-0.0308666,0.1,9.22807
0,0.1613,0.0500479,-0.1,9.96418
====================
0,0.162891,-5.64115e-06,0.1,1.48456
0,0.163624,0.0125407,0,1.6367
====================
0,0.162941,-5.84745e-06,0.1,1.66153
0,0.163748,0.0123957,0,1.82147
====================
0,0.16293,-5.5877e-06,0.1,1.95016
0,0.203644,0.090206,0,2.87816
0,0.244618,0.0936346,-0.1,3.31814
0,0.266776,-0.0675688,0.1,4.95803
====================
