human_action,ee_pos_y,ee_vel_y,cmd_acc_human,time
====================
0,0.162378,1.30126e-08,0.1,1.52718
0,0.241232,0.123303,0,2.81514
0,0.330464,0.126751,-0.1,3.5112
0,0.2186,-0.152714,0.1,5.07113
0,0.198138,-0.145119,0,5.20719
0,0.144163,-2.26503e-05,-0.1,6.05515
0,0.14416,-6.80997e-06,0.1,6.64713
0,0.204285,0.109853,-0.1,7.77503
0,0.222397,-0.0992252,0.1,9.93514
====================
0,0.162885,4.99441e-05,-0.1,0.296989
0,0.15037,-0.0498087,0.1,0.832924
0,0.208316,0.110807,-0.1,1.99304
0,0.276567,-0.00975613,0.1,3.25687
0,0.301633,0.0719078,-0.1,4.14498
0,0.218327,-0.147716,0,6.22496
0,0.144082,0.00101466,0.1,6.85693
0,0.320455,0.188447,0.1,8.76092
0,0.336923,-2.39692e-05,0,9.36089
====================
0,0.162954,-1.37256e-05,0.1,0.274621
0,0.198046,0.0841982,-0.1,1.13861
====================
0,0.162977,-3.24102e-06,0.1,0.483016
0,0.200877,0.0867217,-0.1,1.37894
====================
0,0.162973,5.77572e-06,0.1,0.587968
0,0.221739,0.108174,-0.1,1.69186
0,0.260596,-0.069788,-0.1,3.51587
0,0.196676,-0.131254,0.1,4.14808
0,0.203154,0.104121,-0.1,5.61988
0,0.249726,-0.0500459,-0.1,7.22783
0,0.214329,-0.0981017,0.1,7.69986
0,0.216049,0.103734,0.1,9.77189
0,0.241035,0.126681,0,9.98783
====================
0,0.162975,-1.08905e-05,0.1,0.532485
0,0.215025,0.103148,-0.1,1.57242
0,0.24965,-0.0661277,0.1,3.29248
0,0.236376,0.0476335,-0.1,4.46834
====================
0,0.162933,-7.91405e-05,0.1,0.773728
0,0.211005,0.097467,-0.1,1.7735
0,0.257921,0.0325628,0.1,2.46958
0,0.281221,0.0723868,-0.1,2.92561
0,0.264557,-0.096729,0.1,4.67766
0,0.214731,-0.017383,-0.1,5.51756
0,0.196056,-0.062097,0.1,6.01344
0,0.235106,0.109544,-0.1,7.78952
0,0.30052,0.0117575,0.1,8.82159
0,0.31738,0.0584231,-0.1,9.33362
====================
