human_action,ee_pos_y,ee_vel_y,cmd_acc_human,time
====================
0,0.161607,-5.94771e-06,0.1,1.23692
0,0.217192,0.106005,-0.1,2.31864
0,0.254099,0.0703853,-0.1,2.72674
0,0.26754,-0.0471077,0.1,3.89477
====================
0,0.162961,-1.28919e-05,0.1,0.760141
0,0.191094,0.0745003,-0.1,1.5441
0,0.212035,0.0471287,-0.1,1.86411
0,0.222995,0.00841017,0.1,2.25619
0,0.232224,0.041626,-0.1,2.65612
====================
0,0.162919,-1.56537e-05,0.1,0.896866
0,0.180816,0.060163,0,1.52874
0,0.250277,0.0636537,-0.1,2.62486
0,0.264366,0.0417287,-0.1,2.88887
0,0.256052,-0.0562449,0.1,3.86486
0,0.242701,-0.0375304,0.1,4.12879
====================
0,0.162946,2.07552e-06,0.1,1.40978
0,0.234039,0.11895,-0.1,2.63387
0,0.292098,0.0665316,-0.1,3.24199
0,0.307254,0.0346588,-0.1,3.54585
0,0.296334,-0.0569044,0.1,4.47396
0,0.284067,-0.0428172,0.1,4.7059
0,0.302781,0.0743896,-0.1,5.86581
0,0.286102,-0.0946003,0.1,7.32191
0,0.253857,-0.0614265,0.1,7.72177
====================
0,0.162908,-2.65433e-05,0.1,1.00267
0,0.181779,0.0618415,-0.1,1.65057
0,0.205043,0.00288907,0.1,2.30655
0,0.214618,0.0436228,-0.1,2.78663
0,0.221,-0.0359255,0.1,3.65061
0,0.22625,0.0532731,-0.1,4.61072
====================
0,0.162949,3.61014e-06,0.1,0.875446
0,0.188716,0.07179,-0.1,1.62742
0,0.217667,0.0207094,0.1,2.2113
0,0.227136,0.0453504,-0.1,2.53134
====================
0,0.162934,2.7252e-05,0.1,0.516195
0,0.215328,0.103286,-0.1,1.57213
0,0.25252,-0.0666372,0.1,3.33217
0,0.311184,0.129056,-0.1,5.38005
0,0.27053,-0.112472,0.1,6.67617
0,0.226745,-0.0747064,0.1,7.13208
0,0.209079,0.0430557,-0.1,8.30806
0,0.19561,-0.0712139,0.1,9.54008
====================
