human_action,ee_pos_y,ee_vel_y,cmd_acc_human,time
====================
0,0.159051,2.71434e-06,0.1,1.4707
0,0.232945,0.121449,-0.1,2.70949
0,0.255266,-0.10637,0.1,5.05332
0,0.228007,0.0857442,-0.1,7.03724
0,0.250866,-0.0611685,0.1,8.54928
0,0.235596,0.0346918,-0.1,9.56532
====================
0,0.162945,-1.6332e-06,0.1,1.07122
0,0.227321,0.11392,-0.1,2.23129
0,0.269199,-0.0740288,0.1,4.17534
====================
0,0.162911,-4.58416e-05,0.1,0.751926
0,0.205176,0.0920613,-0.1,1.71206
====================
0,0.16295,6.43629e-06,0.1,0.976555
0,0.202987,0.0894746,-0.1,1.90449
====================
0,0.162919,-4.79451e-05,0.1,0.953364
0,0.204433,0.0917751,-0.1,1.89729
====================
0,0.162897,1.37322e-06,0.1,1.24171
0,0.195501,0.080663,-0.1,2.08189
0,0.193328,-0.0886001,0.1,3.85765
0,0.182572,-0.0846832,0.1,3.97765
0,0.224355,0.124571,-0.1,5.86587
0,0.265314,-0.0915324,0.1,8.09763
0,0.226304,0.0454789,-0.1,9.5697
====================
0,0.16293,-3.95805e-06,0.1,0.65095
0,0.204437,0.0923445,-0.1,1.59506
====================
