human_action,ee_pos_y,ee_vel_y,cmd_acc_human,time
====================
0,0.159061,8.05936e-06,0.1,1.56588
0,0.197673,0.0877764,-0.1,2.46414
====================
0,0.162913,-6.3656e-06,0.1,3.12151
0,0.214457,0.102465,-0.1,4.16157
0,0.255557,0.0555406,-0.1,4.66557
0,0.256886,0.0552075,0,4.6895
0,0.278231,0.0515456,-0.1,5.10547
0,0.286439,0.035843,-0.1,5.2895
0,0.292517,-0.00124116,-0.1,5.70557
0,0.25632,-0.0834505,0,6.49756
0,0.234583,-0.0885379,0.1,6.74549
0,0.231083,-0.0862658,0.1,6.78546
0,0.201356,-0.0415716,0.1,7.25755
0,0.224228,0.0787914,-0.1,8.43345
0,0.241298,0.0599425,-0.1,8.67348
0,0.253009,0.0360399,-0.1,8.92148
0,0.258177,0.0132907,-0.1,9.13759
0,0.252661,-0.0349611,0.1,9.62559
====================
0,0.162935,-6.25139e-06,0.1,1.26673
0,0.210487,0.0964329,-0.1,2.26669
0,0.235366,0.0749317,-0.1,2.54675
0,0.249147,0.0535101,-0.1,2.76257
0,0.257213,0.0353746,-0.1,2.94669
0,0.248577,-0.0553688,0.1,3.83463
0,0.23646,-0.0342883,0.1,4.09864
0,0.237362,0.035596,-0.1,4.78666
====================
0,0.162927,-2.01445e-05,0.1,0.915636
0,0.182798,0.0620912,-0.1,1.57151
0,0.204474,0.0172791,0.1,2.07566
0,0.220237,0.0572977,-0.1,2.52352
0,0.236489,0.0251206,-0.1,2.89156
====================
0,0.162942,-8.55335e-06,0.1,1.2202
0,0.178946,0.0566805,-0.1,1.81215
0,0.197529,0.0107834,0.1,2.32412
0,0.212096,0.0538901,-0.1,2.81223
0,0.228679,0.0151266,0.1,3.26014
0,0.237862,0.0423995,-0.1,3.60416
0,0.246546,0.0265518,-0.1,3.83623
====================
0,0.162968,-0.00156881,0.1,0.0367165
0,0.220357,0.107752,-0.1,1.13258
0,0.245072,0.0876312,-0.1,1.38064
0,0.258931,0.0698283,-0.1,1.55671
0,0.267553,0.057333,-0.1,1.69269
0,0.278446,0.0323886,-0.1,1.94056
0,0.256534,-0.0734873,0.1,2.98855
0,0.242415,-0.0587868,0.1,3.19656
0,0.227397,-0.0190186,0.1,3.5887
0,0.230733,0.0321864,-0.1,4.09264
====================
0,0.162979,6.22055e-06,0.1,0.965895
0,0.202967,0.0897253,-0.1,1.88583
0,0.23696,0.0473275,-0.1,2.36588
0,0.239396,0.0433796,0.1,2.42189
0,0.257682,0.0691232,-0.1,2.766
0,0.270298,0.0563402,-0.1,2.95781
0,0.28093,0.0327761,-0.1,3.19788
0,0.282915,-0.0246271,-0.1,3.77386
0,0.254979,-0.0786285,0.1,4.31004
0,0.23286,-0.0515011,0.1,4.63785
0,0.226768,-0.0375471,0.1,4.77411
0,0.219635,-0.0026962,0.1,5.12594
0,0.229184,0.0440765,-0.1,5.58981
0,0.237186,0.028948,-0.1,5.79778
====================
