human_action,ee_pos_y,ee_vel_y,cmd_acc_human,time
====================
0,0.15909,1.63253e-05,0.1,1.27946
0,0.25164,0.135944,-0.1,2.66855
0,0.315884,0.086248,-0.1,3.2285
0,0.268673,-0.111636,0.1,4.56447
0,0.203119,-0.0328946,0.1,5.42857
0,0.214139,0.0574835,-0.1,6.33243
0,0.231137,-0.0264231,0.1,7.24459
0,0.237265,0.0492909,-0.1,8.06854
====================
0,0.162928,-3.58721e-06,0.1,0.97376
0,0.215285,0.103294,-0.1,2.02988
0,0.261211,0.0518586,-0.1,2.59808
0,0.25612,-0.060552,0.1,3.73384
0,0.243586,0.0465332,-0.1,4.87786
====================
0,0.162943,-0.000156234,0.1,0.879167
0,0.178484,0.0562492,-0.1,1.47117
0,0.197352,-0.0122758,0.1,2.22305
0,0.223074,0.0734826,-0.1,3.15907
====================
0,0.162925,-1.00767e-05,0.1,1.08005
0,0.214472,0.102026,-0.1,2.11986
0,0.250269,-0.067783,0.1,3.88825
0,0.235178,0.0503714,-0.1,5.12781
====================
0,0.162913,-3.15418e-05,0.1,1.08857
0,0.19681,0.0827163,-0.1,1.9445
====================
0,0.162892,8.70281e-06,0.1,1.20131
0,0.205886,0.0930754,-0.1,2.16127
====================
0,0.16293,-2.92507e-05,0.1,0.778473
0,0.214502,0.102179,-0.1,1.82621
0,0.270272,0.0236029,-0.1,2.66631
0,0.253924,-0.0622752,0.1,3.53031
0,0.255416,0.0709233,-0.1,4.93022
0,0.253951,-0.0797169,0.1,6.50614
0,0.219183,0.0230079,-0.1,7.6022
0,0.217711,-0.033962,0.1,8.24232
0,0.2283,0.0608384,-0.1,9.26629
====================
