human_action,ee_pos_y,ee_vel_y,cmd_acc_human,time
====================
0,0.162356,-4.29712e-06,0.1,1.45899
0,0.235329,0.119828,-0.1,2.69354
0,0.293788,0.0668545,-0.1,3.30159
0,0.222618,-0.134531,0.1,5.32541
0,0.164399,-0.0937734,0.1,5.82147
0,0.195251,0.098604,0,7.01346
0,0.314223,0.101065,0.1,8.18151
0,0.334061,-9.18832e-06,-0.1,9.29357
0,0.312722,-0.0638291,0,9.98146
====================
0,0.162934,1.19055e-05,0.1,0.874527
0,0.181788,0.0617327,-0.1,1.52266
0,0.202057,-0.0238466,0.1,2.45073
0,0.224129,0.07334,-0.1,3.49856
====================
0,0.162926,-1.20097e-05,0.1,1.49937
0,0.181295,0.0599685,0,2.13937
0,0.25827,0.0643713,0.1,3.33945
0,0.302436,0.112068,0,3.85131
0,0.334194,-0.0102694,-0.1,4.13958
0,0.309174,-0.07042,-0.1,4.8755
0,0.24714,-0.130389,0,5.49132
0,0.179597,-0.133527,0.1,5.99531
0,0.177868,0.0801526,0.1,7.07535
0,0.186813,0.0921565,0,7.1794
0,0.20043,0.0954012,0,7.32342
0,0.239955,0.0960648,-0.1,7.73929
0,0.272497,0.0559502,-0.1,8.16346
0,0.283219,0.0315683,-0.1,8.41126
0,0.287207,-0.01242,-0.1,8.8433
0,0.271971,-0.0565914,0,9.28329
====================
0,0.162902,-2.04505e-05,0.1,0.972388
0,0.168469,0.032621,-0.1,1.34035
0,0.176158,0.00789418,0,1.66039
0,0.186343,0.0061527,0.1,3.78031
0,0.19467,0.0400683,-0.1,4.17239
0,0.202279,0.0279256,0,4.38031
0,0.267902,0.0234444,-0.1,7.20421
0,0.245238,-0.0719461,0.1,8.1965
0,0.226751,0.0509691,-0.1,9.50036
====================
0,0.162947,1.25278e-05,0.1,0.821388
0,0.179434,0.0573929,-0.1,1.42946
0,0.19622,-0.0274991,0.1,2.34938
0,0.220871,0.0779379,-0.1,3.47741
0,0.229699,0.0750461,0,3.5895
0,0.273811,0.0701896,-0.1,4.21329
0,0.283142,-0.0602658,0,5.54945
0,0.223095,-0.0622617,0.1,6.50151
0,0.209336,0.0401977,-0.1,7.55733
0,0.215159,-0.0279193,0.1,8.30119
0,0.228493,0.0611759,-0.1,9.26934
====================
0,0.162906,-2.1834e-05,0.1,1.15063
0,0.184322,0.0646503,0,1.83882
0,0.273731,0.0682309,-0.1,3.13464
0,0.279043,-0.0628119,0,4.50268
0,0.171234,-0.068198,0.1,6.0948
0,0.153168,0.0301875,0.1,6.89465
0,0.172989,0.0706477,-0.1,7.28679
0,0.191449,0.0482575,0.1,7.5827
0,0.217815,0.0836883,-0.1,8.00667
0,0.257029,0.0157657,0.1,8.75065
0,0.267826,0.0445846,-0.1,9.13449
0,0.275919,0.0360468,-0.1,9.31869
0,0.28189,0.00828434,-0.1,9.59067
0,0.281622,-0.0121468,-0.1,9.79062
====================
0,0.162916,-1.31248e-05,0.1,1.32743
0,0.169045,0.0345396,-0.1,1.71164
0,0.174922,-0.0237383,0.1,2.35951
0,0.186306,0.0567368,-0.1,3.23946
0,0.201449,0.0318323,0.1,3.55134
0,0.222114,0.0686194,-0.1,3.99149
====================
