human_action,ee_pos_y,ee_vel_y,cmd_acc_human,time
====================
0,0.162292,-8.84873e-06,0.1,1.06722
0,0.200203,0.0868168,-0.1,1.96532
====================
0,0.162935,-3.60793e-05,0.1,0.910764
0,0.193535,0.0786004,-0.1,1.71871
0,0.22021,-0.0387283,0.1,2.95862
0,0.240757,0.0781204,-0.1,4.2147
0,0.259846,-0.0562856,0,5.63068
0,0.258887,-0.0583263,0.1,5.64675
====================
0,0.162938,-1.93925e-05,0.1,0.863301
0,0.20888,0.0966562,-0.1,1.84734
0,0.255507,-0.0309361,0,3.15917
0,0.225347,-0.0325924,0.1,4.07943
0,0.236949,0.0598993,0,5.03125
0,0.264412,0.0626007,-0.1,5.47133
0,0.271383,-0.0538518,0,6.64722
0,0.221359,-0.0558935,0.1,7.54329
0,0.276914,0.119552,-0.1,9.34327
====================
0,0.162963,-1.37054e-05,0.1,0.928634
0,0.208873,0.0957832,-0.1,1.91269
0,0.258275,-0.0187691,0,3.11262
0,0.246886,-0.0209735,0.1,3.6406
====================
0,0.16297,2.71986e-06,0.1,1.19342
0,0.221188,0.106978,-0.1,2.29738
0,0.267846,-0.0583892,0,4.01751
0,0.229931,-0.0618761,0.1,4.63324
0,0.222727,0.050977,0,5.7935
0,0.254106,0.0539668,-0.1,6.3694
0,0.262459,-0.0399572,0.1,7.33739
====================
0,0.162938,-2.14688e-05,0.1,1.08267
0,0.226461,0.112784,-0.1,2.23467
0,0.258133,-0.0871732,0.1,4.29875
0,0.230977,0.0556112,-0.1,5.79467
====================
0,0.162949,-5.41138e-05,0.1,0.835416
0,0.211241,0.0973673,-0.1,1.84339
0,0.255635,-0.0415548,0.1,3.30742
====================
