human_action,ee_pos_y,ee_vel_y,cmd_acc_human,time
====================
0,0.159082,1.33589e-06,0.1,1.69735
0,0.232074,0.121277,0,2.94036
0,0.303612,0.123605,-0.1,3.51627
0,0.33293,0.102531,-0.1,3.77228
0,0.289488,-0.0935734,0.1,4.71632
0,0.261226,-0.0669424,0.1,5.05231
====================
0,0.162933,-7.89149e-06,0.1,0.981943
0,0.219497,0.106883,0,2.07787
0,0.246766,0.110918,-0.1,2.32603
0,0.293488,0.0583836,-0.1,2.86983
0,0.268742,-0.0920972,0.1,4.37393
0,0.245194,-0.0713788,0.1,4.65402
0,0.228625,-0.0409252,0.1,4.94992
0,0.222121,-0.0193439,0.1,5.16588
0,0.230866,0.0463091,-0.1,5.82186
0,0.239913,0.0313693,-0.1,6.03779
====================
0,0.162917,1.97189e-06,0.1,2.72708
0,0.175504,0.0503072,0,3.26304
0,0.257626,0.053841,-0.1,4.79106
0,0.253566,-0.0621331,0.1,5.99907
0,0.237896,-0.0431043,0.1,6.27911
0,0.230356,-0.0178929,0.1,6.52702
0,0.23331,0.0307165,-0.1,7.00711
====================
0,0.162918,-1.1987e-05,0.1,2.01601
0,0.180857,0.060512,-0.1,2.64801
0,0.200418,-0.0226897,0.1,3.54399
0,0.218478,0.0663033,-0.1,4.51205
0,0.24355,0.0217741,-0.1,5.03987
====================
0,0.162907,-3.95318e-06,0.1,1.30943
0,0.167701,0.0315084,0,1.65057
0,0.231646,0.034119,-0.1,3.50654
====================
0,0.162945,-4.63076e-05,0.1,1.22709
0,0.17179,0.0419792,0,1.68309
0,0.234719,0.0442008,-0.1,3.05899
====================
0,0.162918,-1.64078e-05,0.1,1.26812
0,0.172833,0.0442067,0,1.74816
0,0.233666,0.0480543,-0.1,3.0121
====================
